# Permutation array for quantum partitioning with k=32
# Format: new_index -> old_index
90
92
513
515
516
517
518
519
520
522
701
777
778
779
792
794
810
812
822
823
824
924
926
954
956
91
93
94
95
97
99
613
654
655
656
669
670
671
687
688
689
699
700
705
706
793
811
925
937
938
955
324
325
326
327
328
329
345
346
347
348
349
350
390
391
392
740
743
786
787
788
807
809
953
87
132
133
134
135
136
137
138
139
140
363
364
365
366
367
368
369
370
371
663
664
665
684
685
686
696
697
698
735
736
737
738
739
742
915
951
952
36
37
38
333
334
335
354
355
356
383
384
385
386
507
508
509
510
534
819
909
910
911
0
1
2
86
129
130
131
330
331
332
351
352
353
360
361
362
381
382
387
388
389
729
730
731
744
745
746
820
821
54
55
56
57
514
540
541
542
579
580
581
582
583
584
606
607
608
612
614
627
628
629
843
844
845
849
850
851
864
865
866
48
49
50
51
52
53
84
85
88
89
511
512
535
536
537
538
539
573
574
575
576
577
578
636
637
638
873
874
875
903
904
905
906
907
908
916
917
69
70
71
72
74
405
406
407
408
410
426
427
428
429
431
594
596
633
635
761
73
75
76
77
409
411
412
413
414
415
416
430
432
433
434
435
436
437
478
595
615
616
617
760
762
763
764
96
98
101
521
597
598
599
603
604
605
618
619
620
642
643
644
648
649
650
834
836
881
921
922
923
933
934
935
936
453
454
455
456
457
458
471
472
473
474
475
476
477
479
765
766
767
831
832
833
840
841
846
847
848
852
853
854
855
856
857
879
942
943
944
58
59
60
61
62
543
544
545
546
547
548
585
586
587
588
589
590
601
602
622
625
626
631
835
838
859
862
868
886
897
898
899
919
549
591
600
621
623
624
630
632
759
837
839
858
860
861
863
867
869
882
885
887
894
918
920
3
4
5
63
64
66
67
68
402
403
404
423
424
425
645
646
647
900
901
902
42
43
44
65
447
448
449
450
451
452
480
481
482
483
484
485
486
487
488
550
551
592
593
634
753
754
755
768
769
770
870
871
872
883
884
895
896
6
7
8
12
13
14
33
34
35
82
108
109
110
111
112
113
147
148
149
183
184
185
421
442
466
531
694
711
712
713
771
772
773
45
46
47
312
313
314
420
422
443
462
464
465
467
505
506
532
533
552
553
554
750
751
752
888
889
890
78
79
80
81
83
105
106
417
418
419
438
439
440
441
459
460
461
463
468
469
470
609
610
611
639
640
641
756
757
758
876
877
878
913
930
931
932
100
102
103
104
107
501
502
503
504
523
524
525
526
527
528
529
530
660
662
783
784
785
789
790
791
816
817
818
842
880
912
914
948
949
950
114
115
116
117
150
151
152
177
178
180
181
182
212
214
217
283
309
310
311
555
556
557
661
666
667
668
693
695
118
119
153
154
155
174
176
179
306
307
308
496
498
499
500
558
559
560
561
562
563
672
795
796
797
945
946
947
18
19
20
24
25
26
186
187
188
189
190
191
193
207
208
209
210
211
231
232
233
265
266
267
268
269
273
274
275
277
294
295
296
444
445
446
714
715
716
723
724
725
192
194
195
196
197
198
199
200
213
215
216
218
219
234
235
236
237
238
239
240
258
259
260
261
262
263
264
276
278
279
280
281
282
284
285
497
566
652
675
676
677
678
679
680
707
775
776
798
799
800
803
830
940
941
957
958
959
120
121
122
123
156
157
159
160
168
171
172
173
175
300
301
303
304
495
564
565
651
653
673
674
690
774
939
124
125
158
161
169
170
202
203
220
221
223
224
241
242
244
245
253
256
257
286
287
289
290
302
305
21
22
23
27
28
29
201
204
205
206
222
225
226
227
228
229
230
243
246
247
248
249
250
251
252
254
255
270
271
272
288
291
292
293
357
358
359
717
718
719
720
721
722
163
164
298
299
400
489
490
491
492
493
494
567
568
569
570
571
572
804
805
806
813
814
815
825
826
827
9
10
11
15
16
17
30
31
32
39
40
41
126
162
165
297
315
316
317
336
337
338
378
379
380
399
401
708
709
710
726
727
728
747
748
749
891
892
893
127
128
141
142
143
144
145
146
166
167
372
373
374
375
376
377
657
658
659
681
682
683
691
692
702
703
704
732
733
734
741
929
318
319
320
321
322
323
339
340
341
342
343
344
393
394
395
396
397
398
780
781
782
801
802
808
828
829
927
928
